====================Свойства графа:======================
1)Невзвешенный
2)Ориентрированный
3)Псевдограф(имеются петли)
====================Матрица_смежности:===================
0 1 1 1 1 1 1 1 
1 1 1 1 1 0 1 0 
0 0 0 0 0 1 0 0 
0 0 1 1 1 1 1 1 
0 0 0 1 1 0 0 1 
1 1 0 0 1 1 0 1 
1 1 1 1 0 0 1 1 
1 1 0 1 1 0 1 0 
====================Список_смежности:===================
[1]2 3 4 5 6 7 8 
[2]1 2 3 4 5 7 
[3]6 
[4]3 4 5 6 7 8 
[5]4 5 8 
[6]1 2 5 6 8 
[7]1 2 3 4 7 8 
[8]1 2 4 5 7 
========================================================
