====================Свойства графа:======================
1)Полный
2)Неориентрированный
3)Псевдограф(имеются петли)
4)Взвешенный
====================Матрица_смежности:===================
2 2 1 2 4 4 1 1 
2 4 3 4 3 3 2 3 
1 3 1 3 4 4 4 1 
2 4 3 1 1 4 1 4 
4 3 4 1 1 1 3 4 
4 3 4 4 1 1 4 4 
1 2 4 1 3 4 3 1 
1 3 1 4 4 4 1 3 
====================Список_смежности:===================
[1]1 2 3 4 5 6 7 8 
[2]1 2 3 4 5 6 7 8 
[3]1 2 3 4 5 6 7 8 
[4]1 2 3 4 5 6 7 8 
[5]1 2 3 4 5 6 7 8 
[6]1 2 3 4 5 6 7 8 
[7]1 2 3 4 5 6 7 8 
[8]1 2 3 4 5 6 7 8 
========================================================
