====================Свойства графа:======================
1)Полный
2)Ориентрированный
3)Псевдограф(имеются петли)
4)Невзвешенный
====================Матрица_смежности:===================
1 1 1 1 1 1 1 1 
1 1 1 1 1 1 1 1 
1 1 1 1 1 1 1 1 
1 1 1 1 1 1 1 1 
1 1 1 1 1 1 1 1 
1 1 1 1 1 1 1 1 
1 1 1 1 1 1 1 1 
1 1 1 1 1 1 1 1 
====================Список_смежности:===================
[1]1 2 3 4 5 6 7 8 
[2]1 2 3 4 5 6 7 8 
[3]1 2 3 4 5 6 7 8 
[4]1 2 3 4 5 6 7 8 
[5]1 2 3 4 5 6 7 8 
[6]1 2 3 4 5 6 7 8 
[7]1 2 3 4 5 6 7 8 
[8]1 2 3 4 5 6 7 8 
========================================================
