====================Свойства графа:======================
1)Невзвешенный
2)Ориентрированный
3)Мультиграф(не имеется петель)
====================Матрица_смежности:===================
0 1 0 0 1 1 0 1 
1 0 1 1 0 0 0 0 
0 0 0 0 0 1 0 1 
1 1 1 0 1 0 0 1 
1 1 0 1 0 0 1 1 
0 1 0 1 1 0 0 1 
0 1 1 1 0 1 0 1 
1 0 1 1 0 1 0 0 
====================Список_смежности:===================
[1]2 5 6 8 
[2]1 3 4 
[3]6 8 
[4]1 2 3 5 8 
[5]1 2 4 7 8 
[6]2 4 5 8 
[7]2 3 4 6 8 
[8]1 3 4 6 
========================================================
