====================Свойства графа:======================
1)Взвешенный
2)Ориентрированный
3)Мультиграф(не имеется петель)
====================Матрица_смежности:===================
0 3 0 0 4 0 2 0 
4 0 0 1 4 2 3 1 
1 1 0 0 0 4 3 3 
2 1 1 0 0 1 4 2 
3 2 3 2 0 1 2 1 
1 4 4 3 0 0 1 0 
4 2 2 3 0 2 0 4 
2 2 1 2 2 2 2 0 
====================Список_смежности:===================
[1]2 5 7 
[2]1 4 5 6 7 8 
[3]1 2 6 7 8 
[4]1 2 3 6 7 8 
[5]1 2 3 4 6 7 8 
[6]1 2 3 4 7 
[7]1 2 3 4 6 8 
[8]1 2 3 4 5 6 7 
========================================================
