====================Свойства графа:======================
1)Несвязный
2)Невзвешенный
3)Ориентрированный
====================Матрица_смежности:===================
1 1 1 0 1 1 0 0 
1 0 0 1 1 0 1 0 
1 1 1 1 1 0 0 0 
1 1 1 1 0 0 1 0 
0 1 1 1 1 0 1 0 
0 0 1 0 0 0 0 0 
1 1 1 0 0 0 0 0 
0 0 0 0 0 0 0 0 
====================Список_смежности:===================
[1]1 2 3 5 6 
[2]1 4 5 7 
[3]1 2 3 4 5 
[4]1 2 3 4 7 
[5]2 3 4 5 7 
[6]3 
[7]1 2 3 
[8]
========================================================
