====================Свойства графа:======================
1)Взвешенный
2)Ориентрированный
3)Псевдограф(имеются петли)
====================Матрица_смежности:===================
1 1 1 3 1 2 3 2 
1 1 1 2 1 0 3 2 
4 1 3 0 2 2 1 3 
4 2 0 4 1 1 1 1 
4 4 2 2 4 1 1 0 
4 1 1 2 0 1 0 2 
2 1 4 1 2 0 4 4 
2 4 1 3 1 2 4 0 
====================Список_смежности:===================
[1]1 2 3 4 5 6 7 8 
[2]1 2 3 4 5 7 8 
[3]1 2 3 5 6 7 8 
[4]1 2 4 5 6 7 8 
[5]1 2 3 4 5 6 7 
[6]1 2 3 4 6 8 
[7]1 2 3 4 5 7 8 
[8]1 2 3 4 5 6 7 
========================================================
