====================Свойства графа:======================
1)Несвязный
2)Взвешенный
3)Ориентрированный
====================Матрица_смежности:===================
4 0 4 2 0 1 2 0 
1 4 2 4 1 3 2 0 
4 3 3 3 3 0 3 0 
4 2 4 1 0 3 2 0 
1 2 1 3 2 2 4 0 
2 4 0 3 2 4 0 0 
0 4 3 0 4 3 0 0 
0 0 0 0 0 0 0 0 
====================Список_смежности:===================
[1]1 3 4 6 7 
[2]1 2 3 4 5 6 7 
[3]1 2 3 4 5 7 
[4]1 2 3 4 6 7 
[5]1 2 3 4 5 6 7 
[6]1 2 4 5 6 
[7]2 3 5 6 
[8]
========================================================
