====================Свойства графа:======================
1)Несвязный
2)Взвешенный
3)Неориентированный
====================Матрица_смежности:===================
3 4 3 3 1 4 2 0 
4 4 2 4 4 4 2 0 
3 2 2 2 3 1 2 0 
3 4 2 1 2 4 1 0 
1 4 3 2 1 3 2 0 
4 4 1 4 3 4 2 0 
2 2 2 1 2 2 2 0 
0 0 0 0 0 0 0 0 
====================Список_смежности:===================
[1]1 2 3 4 5 6 7 
[2]1 2 3 4 5 6 7 
[3]1 2 3 4 5 6 7 
[4]1 2 3 4 5 6 7 
[5]1 2 3 4 5 6 7 
[6]1 2 3 4 5 6 7 
[7]1 2 3 4 5 6 7 
[8]
========================================================
