====================Свойства графа:======================
1)Двудольный
====================Матрица_смежности:===================
0 2 2 2 2 2 2 0 
2 0 1 2 1 1 1 1 
2 1 0 1 1 1 2 1 
2 2 1 0 1 1 1 2 
2 1 1 1 0 2 2 2 
2 1 1 1 2 0 1 1 
2 1 2 1 2 1 0 2 
0 1 1 2 2 1 2 0 
====================Список_смежности:===================
[1]2 3 4 5 6 7 
[2]1 3 4 5 6 7 8 
[3]1 2 4 5 6 7 8 
[4]1 2 3 5 6 7 8 
[5]1 2 3 4 6 7 8 
[6]1 2 3 4 5 7 8 
[7]1 2 3 4 5 6 8 
[8]2 3 4 5 6 7 
========================================================
