====================Свойства графа:======================
1)Невзвешенный
2)Неориентрированный
3)Псевдограф(имеются петли)
====================Матрица_смежности:===================
0 1 1 0 1 1 1 0 
1 1 1 1 1 1 1 1 
1 1 1 1 0 1 1 1 
0 1 1 0 1 1 1 1 
1 1 0 1 1 0 1 1 
1 1 1 1 0 1 1 1 
1 1 1 1 1 1 0 0 
0 1 1 1 1 1 0 1 
====================Список_смежности:===================
[1]2 3 5 6 7 
[2]1 2 3 4 5 6 7 8 
[3]1 2 3 4 6 7 8 
[4]2 3 5 6 7 8 
[5]1 2 4 5 7 8 
[6]1 2 3 4 6 7 8 
[7]1 2 3 4 5 6 
[8]2 3 4 5 6 8 
========================================================
