====================Свойства графа:======================
1)Взвешенный
2)Неориентрированный
3)Псевдограф(имеются петли)
====================Матрица_смежности:===================
3 4 4 1 3 0 4 4 
4 3 4 2 2 1 3 2 
4 4 3 3 4 2 3 4 
1 2 3 2 1 2 2 3 
3 2 4 1 1 1 2 2 
0 1 2 2 1 2 0 2 
4 3 3 2 2 0 0 2 
4 2 4 3 2 2 2 2 
====================Список_смежности:===================
[1]1 2 3 4 5 7 8 
[2]1 2 3 4 5 6 7 8 
[3]1 2 3 4 5 6 7 8 
[4]1 2 3 4 5 6 7 8 
[5]1 2 3 4 5 6 7 8 
[6]2 3 4 5 6 8 
[7]1 2 3 4 5 8 
[8]1 2 3 4 5 6 7 8 
========================================================
