====================Свойства графа:======================
1)Полный
2)Ориентрированный
3)Мультиграф(не имеется петель)
4)Невзвешенный
====================Матрица_смежности:===================
0 1 1 1 1 1 1 1 
1 0 1 1 1 1 1 1 
1 1 0 1 1 1 1 1 
1 1 1 0 1 1 1 1 
1 1 1 1 0 1 1 1 
1 1 1 1 1 0 1 1 
1 1 1 1 1 1 0 1 
1 1 1 1 1 1 1 0 
====================Список_смежности:===================
[1]2 3 4 5 6 7 8 
[2]1 3 4 5 6 7 8 
[3]1 2 4 5 6 7 8 
[4]1 2 3 5 6 7 8 
[5]1 2 3 4 6 7 8 
[6]1 2 3 4 5 7 8 
[7]1 2 3 4 5 6 8 
[8]1 2 3 4 5 6 7 
========================================================
